210 204
212 227
215 250
218 273
225 294
237 311
253 325
272 336
295 339
322 337
348 331
375 320
394 302
406 280
411 254
413 227
414 200
219 177
228 164
244 161
260 165
277 170
306 171
325 163
345 160
365 164
378 177
291 186
289 200
287 215
286 230
272 245
281 247
290 249
300 246
310 244
237 193
246 185
259 184
270 193
259 196
246 196
322 192
333 183
345 183
357 191
346 194
333 194
256 276
269 270
281 267
291 269
302 267
318 269
337 275
319 282
304 284
292 285
282 285
269 284
261 276
282 272
292 273
303 272
332 274
303 278
292 279
281 279
437 230
270 680
0 460
599 420
0 0
0 230
0 799
300 799
599 799
599 230
599 0
300 0