142 341
138 371
137 406
141 441
150 477
166 509
187 534
214 553
253 556
295 548
336 532
374 511
405 482
424 444
429 403
432 362
434 320
151 297
161 277
179 267
201 265
220 272
253 266
281 254
311 251
341 259
363 278
235 297
231 316
227 336
223 356
211 388
223 389
237 389
254 384
272 378
169 320
180 309
195 308
213 314
196 318
181 320
283 304
297 294
312 292
330 298
314 301
298 303
188 444
207 431
227 422
245 421
264 415
296 416
330 422
302 444
273 458
252 463
234 465
211 460
195 444
230 428
246 426
266 421
323 424
270 448
249 452
231 453
475 390
264 736
0 774
599 600
0 0
0 400
0 799
300 799
599 799
599 400
599 0
300 0