210 234
207 260
205 286
206 312
211 338
221 362
236 383
254 399
278 406
307 406
338 396
367 382
392 362
410 337
418 312
425 284
430 255
216 213
225 198
243 194
263 196
282 204
306 211
329 203
353 202
376 210
392 225
289 226
285 241
281 257
277 273
259 284
268 289
280 293
295 290
310 288
233 229
243 223
255 224
268 232
254 233
242 232
325 236
339 230
351 231
364 238
350 240
337 239
242 318
254 311
270 308
283 312
296 311
316 316
338 327
314 343
293 346
279 345
265 343
252 335
249 318
269 317
282 319
295 319
332 326
294 335
280 334
267 331
460 290
197 718
0 505
599 452
0 0
0 290
0 799
300 799
599 799
599 290
599 0
300 0