196 174
196 192
198 212
202 233
210 252
221 270
236 285
252 297
272 300
292 295
312 285
330 270
343 252
351 231
354 207
353 184
350 161
205 152
210 143
221 139
233 138
245 140
264 132
277 127
292 125
306 129
316 139
255 150
254 164
253 177
252 191
242 205
250 207
257 209
266 206
274 203
218 160
224 155
231 153
239 156
232 158
225 159
279 151
285 146
293 145
301 148
294 150
287 151
234 236
242 232
251 230
260 231
268 229
283 231
300 232
285 241
271 245
262 246
254 246
245 244
238 236
252 235
260 236
269 235
295 233
270 239
261 239
253 239
377 190
280 400
0 390
599 390
0 0
0 190
0 799
300 799
599 799
599 190
599 0
300 0