227 181
227 200
227 218
229 237
234 256
244 273
256 288
272 301
291 305
311 303
329 294
344 280
356 263
364 245
368 225
369 205
370 185
237 170
244 160
257 157
270 160
283 165
303 166
316 161
331 159
345 163
355 174
292 179
291 190
290 202
289 215
275 222
282 225
291 228
299 225
308 223
250 181
258 177
267 176
276 182
267 183
258 183
312 183
321 178
330 179
339 183
330 185
321 184
259 242
269 238
282 237
292 239
302 237
315 238
328 243
316 257
302 265
292 266
280 265
269 257
263 243
281 243
292 244
302 243
325 244
302 254
292 255
281 254
390 200
300 400
0 350
599 350
0 0
0 200
0 799
300 799
599 799
599 200
599 0
300 0